[app/ui]
version = 7.3.1
modtime = 1565043241.886683000

[app/launcher]
version = 7.3.1
modtime = 1565043241.887847000
